1.000000000000000000e+00 6.000000000000000000e+01 3.050000000000000000e+01
6.100000000000000000e+01 1.200000000000000000e+02 9.050000000000000000e+01
1.210000000000000000e+02 1.800000000000000000e+02 1.505000000000000000e+02
1.810000000000000000e+02 2.400000000000000000e+02 2.105000000000000000e+02
2.410000000000000000e+02 3.000000000000000000e+02 2.705000000000000000e+02
3.010000000000000000e+02 3.600000000000000000e+02 3.305000000000000000e+02
3.610000000000000000e+02 4.200000000000000000e+02 3.905000000000000000e+02
4.210000000000000000e+02 4.800000000000000000e+02 4.505000000000000000e+02
4.810000000000000000e+02 5.400000000000000000e+02 5.105000000000000000e+02
5.410000000000000000e+02 6.000000000000000000e+02 5.705000000000000000e+02
6.010000000000000000e+02 6.600000000000000000e+02 6.305000000000000000e+02
6.610000000000000000e+02 7.200000000000000000e+02 6.905000000000000000e+02
7.210000000000000000e+02 7.800000000000000000e+02 7.505000000000000000e+02
7.810000000000000000e+02 8.400000000000000000e+02 8.105000000000000000e+02
8.410000000000000000e+02 9.000000000000000000e+02 8.705000000000000000e+02
9.010000000000000000e+02 9.600000000000000000e+02 9.305000000000000000e+02
9.610000000000000000e+02 1.020000000000000000e+03 9.905000000000000000e+02
1.021000000000000000e+03 1.080000000000000000e+03 1.050500000000000000e+03
1.081000000000000000e+03 1.140000000000000000e+03 1.110500000000000000e+03
1.141000000000000000e+03 1.200000000000000000e+03 1.170500000000000000e+03
1.201000000000000000e+03 1.260000000000000000e+03 1.230500000000000000e+03
1.261000000000000000e+03 1.320000000000000000e+03 1.290500000000000000e+03
1.321000000000000000e+03 1.380000000000000000e+03 1.350500000000000000e+03
1.381000000000000000e+03 1.440000000000000000e+03 1.410500000000000000e+03
1.441000000000000000e+03 1.500000000000000000e+03 1.470500000000000000e+03
1.501000000000000000e+03 1.560000000000000000e+03 1.530500000000000000e+03
1.561000000000000000e+03 1.620000000000000000e+03 1.590500000000000000e+03
1.621000000000000000e+03 1.680000000000000000e+03 1.650500000000000000e+03
1.681000000000000000e+03 1.740000000000000000e+03 1.710500000000000000e+03
1.741000000000000000e+03 1.800000000000000000e+03 1.770500000000000000e+03
1.801000000000000000e+03 1.860000000000000000e+03 1.830500000000000000e+03
1.861000000000000000e+03 1.920000000000000000e+03 1.890500000000000000e+03
1.921000000000000000e+03 1.980000000000000000e+03 1.950500000000000000e+03
1.981000000000000000e+03 2.040000000000000000e+03 2.010500000000000000e+03
2.041000000000000000e+03 2.100000000000000000e+03 2.070500000000000000e+03
2.101000000000000000e+03 2.160000000000000000e+03 2.130500000000000000e+03
2.161000000000000000e+03 2.220000000000000000e+03 2.190500000000000000e+03
2.221000000000000000e+03 2.280000000000000000e+03 2.250500000000000000e+03
2.281000000000000000e+03 2.340000000000000000e+03 2.310500000000000000e+03
2.341000000000000000e+03 2.400000000000000000e+03 2.370500000000000000e+03
2.401000000000000000e+03 2.460000000000000000e+03 2.430500000000000000e+03
2.461000000000000000e+03 2.520000000000000000e+03 2.490500000000000000e+03
2.521000000000000000e+03 2.580000000000000000e+03 2.550500000000000000e+03
2.581000000000000000e+03 2.640000000000000000e+03 2.610500000000000000e+03
2.641000000000000000e+03 2.700000000000000000e+03 2.670500000000000000e+03
2.701000000000000000e+03 2.760000000000000000e+03 2.730500000000000000e+03
2.761000000000000000e+03 2.820000000000000000e+03 2.790500000000000000e+03
2.821000000000000000e+03 2.880000000000000000e+03 2.850500000000000000e+03
2.881000000000000000e+03 2.940000000000000000e+03 2.910500000000000000e+03
2.941000000000000000e+03 3.000000000000000000e+03 2.970500000000000000e+03
3.001000000000000000e+03 3.060000000000000000e+03 3.030500000000000000e+03
3.061000000000000000e+03 3.120000000000000000e+03 3.090500000000000000e+03
3.121000000000000000e+03 3.180000000000000000e+03 3.150500000000000000e+03
3.181000000000000000e+03 3.240000000000000000e+03 3.210500000000000000e+03
3.241000000000000000e+03 3.300000000000000000e+03 3.270500000000000000e+03
3.301000000000000000e+03 3.360000000000000000e+03 3.330500000000000000e+03
3.361000000000000000e+03 3.420000000000000000e+03 3.390500000000000000e+03
3.421000000000000000e+03 3.480000000000000000e+03 3.450500000000000000e+03
3.481000000000000000e+03 3.540000000000000000e+03 3.510500000000000000e+03
3.541000000000000000e+03 3.600000000000000000e+03 3.570500000000000000e+03
3.601000000000000000e+03 3.660000000000000000e+03 3.630500000000000000e+03
3.661000000000000000e+03 3.720000000000000000e+03 3.690500000000000000e+03
3.721000000000000000e+03 3.780000000000000000e+03 3.750500000000000000e+03
3.781000000000000000e+03 3.840000000000000000e+03 3.810500000000000000e+03
3.841000000000000000e+03 3.900000000000000000e+03 3.870500000000000000e+03
3.901000000000000000e+03 3.960000000000000000e+03 3.930500000000000000e+03
3.961000000000000000e+03 4.020000000000000000e+03 3.990500000000000000e+03
4.021000000000000000e+03 4.080000000000000000e+03 4.050500000000000000e+03
4.081000000000000000e+03 4.140000000000000000e+03 4.110500000000000000e+03
4.141000000000000000e+03 4.200000000000000000e+03 4.170500000000000000e+03
4.201000000000000000e+03 4.260000000000000000e+03 4.230500000000000000e+03
4.261000000000000000e+03 4.320000000000000000e+03 4.290500000000000000e+03
4.321000000000000000e+03 4.380000000000000000e+03 4.350500000000000000e+03
4.381000000000000000e+03 4.440000000000000000e+03 4.410500000000000000e+03
4.441000000000000000e+03 4.500000000000000000e+03 4.470500000000000000e+03
4.501000000000000000e+03 4.560000000000000000e+03 4.530500000000000000e+03
4.561000000000000000e+03 4.620000000000000000e+03 4.590500000000000000e+03
4.621000000000000000e+03 4.680000000000000000e+03 4.650500000000000000e+03
4.681000000000000000e+03 4.740000000000000000e+03 4.710500000000000000e+03
4.741000000000000000e+03 4.800000000000000000e+03 4.770500000000000000e+03
4.801000000000000000e+03 4.860000000000000000e+03 4.830500000000000000e+03
4.861000000000000000e+03 4.920000000000000000e+03 4.890500000000000000e+03
4.921000000000000000e+03 4.980000000000000000e+03 4.950500000000000000e+03
4.981000000000000000e+03 5.040000000000000000e+03 5.010500000000000000e+03
5.041000000000000000e+03 5.100000000000000000e+03 5.070500000000000000e+03
5.101000000000000000e+03 5.160000000000000000e+03 5.130500000000000000e+03
5.161000000000000000e+03 5.220000000000000000e+03 5.190500000000000000e+03
5.221000000000000000e+03 5.280000000000000000e+03 5.250500000000000000e+03
5.281000000000000000e+03 5.340000000000000000e+03 5.310500000000000000e+03
5.341000000000000000e+03 5.400000000000000000e+03 5.370500000000000000e+03
5.401000000000000000e+03 5.460000000000000000e+03 5.430500000000000000e+03
5.461000000000000000e+03 5.520000000000000000e+03 5.490500000000000000e+03
5.521000000000000000e+03 5.580000000000000000e+03 5.550500000000000000e+03
5.581000000000000000e+03 5.640000000000000000e+03 5.610500000000000000e+03
5.641000000000000000e+03 5.700000000000000000e+03 5.670500000000000000e+03
5.701000000000000000e+03 5.760000000000000000e+03 5.730500000000000000e+03
5.761000000000000000e+03 5.820000000000000000e+03 5.790500000000000000e+03
5.821000000000000000e+03 5.880000000000000000e+03 5.850500000000000000e+03
5.881000000000000000e+03 5.940000000000000000e+03 5.910500000000000000e+03
5.941000000000000000e+03 6.000000000000000000e+03 5.970500000000000000e+03
6.001000000000000000e+03 6.060000000000000000e+03 6.030500000000000000e+03
6.061000000000000000e+03 6.120000000000000000e+03 6.090500000000000000e+03
6.121000000000000000e+03 6.180000000000000000e+03 6.150500000000000000e+03
6.181000000000000000e+03 6.240000000000000000e+03 6.210500000000000000e+03
6.241000000000000000e+03 6.300000000000000000e+03 6.270500000000000000e+03
6.301000000000000000e+03 6.360000000000000000e+03 6.330500000000000000e+03
6.361000000000000000e+03 6.420000000000000000e+03 6.390500000000000000e+03
6.421000000000000000e+03 6.480000000000000000e+03 6.450500000000000000e+03
6.481000000000000000e+03 6.540000000000000000e+03 6.510500000000000000e+03
6.541000000000000000e+03 6.600000000000000000e+03 6.570500000000000000e+03
6.601000000000000000e+03 6.660000000000000000e+03 6.630500000000000000e+03
6.661000000000000000e+03 6.720000000000000000e+03 6.690500000000000000e+03
6.721000000000000000e+03 6.780000000000000000e+03 6.750500000000000000e+03
6.781000000000000000e+03 6.840000000000000000e+03 6.810500000000000000e+03
6.841000000000000000e+03 6.900000000000000000e+03 6.870500000000000000e+03
6.901000000000000000e+03 6.960000000000000000e+03 6.930500000000000000e+03
6.961000000000000000e+03 7.020000000000000000e+03 6.990500000000000000e+03
7.021000000000000000e+03 7.080000000000000000e+03 7.050500000000000000e+03
7.081000000000000000e+03 7.140000000000000000e+03 7.110500000000000000e+03
7.141000000000000000e+03 7.200000000000000000e+03 7.170500000000000000e+03
7.201000000000000000e+03 7.260000000000000000e+03 7.230500000000000000e+03
7.261000000000000000e+03 7.320000000000000000e+03 7.290500000000000000e+03
7.321000000000000000e+03 7.380000000000000000e+03 7.350500000000000000e+03
7.381000000000000000e+03 7.440000000000000000e+03 7.410500000000000000e+03
7.441000000000000000e+03 7.500000000000000000e+03 7.470500000000000000e+03
7.501000000000000000e+03 7.560000000000000000e+03 7.530500000000000000e+03
7.561000000000000000e+03 7.620000000000000000e+03 7.590500000000000000e+03
7.621000000000000000e+03 7.680000000000000000e+03 7.650500000000000000e+03
7.681000000000000000e+03 7.740000000000000000e+03 7.710500000000000000e+03
7.741000000000000000e+03 7.800000000000000000e+03 7.770500000000000000e+03
7.801000000000000000e+03 7.860000000000000000e+03 7.830500000000000000e+03
7.861000000000000000e+03 7.920000000000000000e+03 7.890500000000000000e+03
7.921000000000000000e+03 7.980000000000000000e+03 7.950500000000000000e+03
7.981000000000000000e+03 8.040000000000000000e+03 8.010500000000000000e+03
8.041000000000000000e+03 8.100000000000000000e+03 8.070500000000000000e+03
8.101000000000000000e+03 8.160000000000000000e+03 8.130500000000000000e+03
8.161000000000000000e+03 8.220000000000000000e+03 8.190500000000000000e+03
8.221000000000000000e+03 8.280000000000000000e+03 8.250500000000000000e+03
8.281000000000000000e+03 8.340000000000000000e+03 8.310500000000000000e+03
8.341000000000000000e+03 8.400000000000000000e+03 8.370500000000000000e+03
8.401000000000000000e+03 8.460000000000000000e+03 8.430500000000000000e+03
8.461000000000000000e+03 8.520000000000000000e+03 8.490500000000000000e+03
8.521000000000000000e+03 8.580000000000000000e+03 8.550500000000000000e+03
8.581000000000000000e+03 8.640000000000000000e+03 8.610500000000000000e+03
8.641000000000000000e+03 8.700000000000000000e+03 8.670500000000000000e+03
8.701000000000000000e+03 8.760000000000000000e+03 8.730500000000000000e+03
8.761000000000000000e+03 8.820000000000000000e+03 8.790500000000000000e+03
8.821000000000000000e+03 8.880000000000000000e+03 8.850500000000000000e+03
8.881000000000000000e+03 8.940000000000000000e+03 8.910500000000000000e+03
8.941000000000000000e+03 9.000000000000000000e+03 8.970500000000000000e+03
9.001000000000000000e+03 9.060000000000000000e+03 9.030500000000000000e+03
9.061000000000000000e+03 9.120000000000000000e+03 9.090500000000000000e+03
9.121000000000000000e+03 9.180000000000000000e+03 9.150500000000000000e+03
9.181000000000000000e+03 9.240000000000000000e+03 9.210500000000000000e+03
9.241000000000000000e+03 9.300000000000000000e+03 9.270500000000000000e+03
9.301000000000000000e+03 9.360000000000000000e+03 9.330500000000000000e+03
9.361000000000000000e+03 9.420000000000000000e+03 9.390500000000000000e+03
9.421000000000000000e+03 9.480000000000000000e+03 9.450500000000000000e+03
9.481000000000000000e+03 9.540000000000000000e+03 9.510500000000000000e+03
9.541000000000000000e+03 9.600000000000000000e+03 9.570500000000000000e+03
9.601000000000000000e+03 9.660000000000000000e+03 9.630500000000000000e+03
9.661000000000000000e+03 9.720000000000000000e+03 9.690500000000000000e+03
9.721000000000000000e+03 9.780000000000000000e+03 9.750500000000000000e+03
9.781000000000000000e+03 9.840000000000000000e+03 9.810500000000000000e+03
9.841000000000000000e+03 9.900000000000000000e+03 9.870500000000000000e+03
9.901000000000000000e+03 9.960000000000000000e+03 9.930500000000000000e+03
9.961000000000000000e+03 1.002000000000000000e+04 9.990500000000000000e+03
1.002100000000000000e+04 1.008000000000000000e+04 1.005050000000000000e+04
1.008100000000000000e+04 1.014000000000000000e+04 1.011050000000000000e+04
1.014100000000000000e+04 1.020000000000000000e+04 1.017050000000000000e+04
1.020100000000000000e+04 1.026000000000000000e+04 1.023050000000000000e+04
1.026100000000000000e+04 1.032000000000000000e+04 1.029050000000000000e+04
1.032100000000000000e+04 1.038000000000000000e+04 1.035050000000000000e+04
1.038100000000000000e+04 1.044000000000000000e+04 1.041050000000000000e+04
1.044100000000000000e+04 1.050000000000000000e+04 1.047050000000000000e+04
1.050100000000000000e+04 1.056000000000000000e+04 1.053050000000000000e+04
1.056100000000000000e+04 1.062000000000000000e+04 1.059050000000000000e+04
1.062100000000000000e+04 1.068000000000000000e+04 1.065050000000000000e+04
1.068100000000000000e+04 1.074000000000000000e+04 1.071050000000000000e+04
1.074100000000000000e+04 1.080000000000000000e+04 1.077050000000000000e+04
1.080100000000000000e+04 1.086000000000000000e+04 1.083050000000000000e+04
1.086100000000000000e+04 1.092000000000000000e+04 1.089050000000000000e+04
1.092100000000000000e+04 1.098000000000000000e+04 1.095050000000000000e+04
1.098100000000000000e+04 1.104000000000000000e+04 1.101050000000000000e+04
1.104100000000000000e+04 1.110000000000000000e+04 1.107050000000000000e+04
1.110100000000000000e+04 1.116000000000000000e+04 1.113050000000000000e+04
1.116100000000000000e+04 1.122000000000000000e+04 1.119050000000000000e+04
1.122100000000000000e+04 1.128000000000000000e+04 1.125050000000000000e+04
1.128100000000000000e+04 1.134000000000000000e+04 1.131050000000000000e+04
1.134100000000000000e+04 1.140000000000000000e+04 1.137050000000000000e+04
1.140100000000000000e+04 1.146000000000000000e+04 1.143050000000000000e+04
1.146100000000000000e+04 1.152000000000000000e+04 1.149050000000000000e+04
1.152100000000000000e+04 1.158000000000000000e+04 1.155050000000000000e+04
1.158100000000000000e+04 1.164000000000000000e+04 1.161050000000000000e+04
1.164100000000000000e+04 1.170000000000000000e+04 1.167050000000000000e+04
1.170100000000000000e+04 1.176000000000000000e+04 1.173050000000000000e+04
1.176100000000000000e+04 1.182000000000000000e+04 1.179050000000000000e+04
1.182100000000000000e+04 1.188000000000000000e+04 1.185050000000000000e+04
1.188100000000000000e+04 1.194000000000000000e+04 1.191050000000000000e+04
1.194100000000000000e+04 1.200000000000000000e+04 1.197050000000000000e+04
1.200100000000000000e+04 1.206000000000000000e+04 1.203050000000000000e+04
1.206100000000000000e+04 1.212000000000000000e+04 1.209050000000000000e+04
1.212100000000000000e+04 1.218000000000000000e+04 1.215050000000000000e+04
1.218100000000000000e+04 1.224000000000000000e+04 1.221050000000000000e+04
1.224100000000000000e+04 1.230000000000000000e+04 1.227050000000000000e+04
1.230100000000000000e+04 1.236000000000000000e+04 1.233050000000000000e+04
1.236100000000000000e+04 1.242000000000000000e+04 1.239050000000000000e+04
1.242100000000000000e+04 1.248000000000000000e+04 1.245050000000000000e+04
1.248100000000000000e+04 1.254000000000000000e+04 1.251050000000000000e+04
1.254100000000000000e+04 1.260000000000000000e+04 1.257050000000000000e+04
1.260100000000000000e+04 1.266000000000000000e+04 1.263050000000000000e+04
1.266100000000000000e+04 1.272000000000000000e+04 1.269050000000000000e+04
1.272100000000000000e+04 1.278000000000000000e+04 1.275050000000000000e+04
1.278100000000000000e+04 1.284000000000000000e+04 1.281050000000000000e+04
1.284100000000000000e+04 1.290000000000000000e+04 1.287050000000000000e+04
1.290100000000000000e+04 1.296000000000000000e+04 1.293050000000000000e+04
1.296100000000000000e+04 1.302000000000000000e+04 1.299050000000000000e+04
1.302100000000000000e+04 1.308000000000000000e+04 1.305050000000000000e+04
1.308100000000000000e+04 1.314000000000000000e+04 1.311050000000000000e+04
1.314100000000000000e+04 1.320000000000000000e+04 1.317050000000000000e+04
1.320100000000000000e+04 1.326000000000000000e+04 1.323050000000000000e+04
1.326100000000000000e+04 1.332000000000000000e+04 1.329050000000000000e+04
1.332100000000000000e+04 1.338000000000000000e+04 1.335050000000000000e+04
1.338100000000000000e+04 1.344000000000000000e+04 1.341050000000000000e+04
1.344100000000000000e+04 1.350000000000000000e+04 1.347050000000000000e+04
1.350100000000000000e+04 1.356000000000000000e+04 1.353050000000000000e+04
1.356100000000000000e+04 1.362000000000000000e+04 1.359050000000000000e+04
1.362100000000000000e+04 1.368000000000000000e+04 1.365050000000000000e+04
1.368100000000000000e+04 1.374000000000000000e+04 1.371050000000000000e+04
1.374100000000000000e+04 1.380000000000000000e+04 1.377050000000000000e+04
1.380100000000000000e+04 1.386000000000000000e+04 1.383050000000000000e+04
1.386100000000000000e+04 1.392000000000000000e+04 1.389050000000000000e+04
1.392100000000000000e+04 1.398000000000000000e+04 1.395050000000000000e+04
1.398100000000000000e+04 1.404000000000000000e+04 1.401050000000000000e+04
1.404100000000000000e+04 1.410000000000000000e+04 1.407050000000000000e+04
1.410100000000000000e+04 1.416000000000000000e+04 1.413050000000000000e+04
1.416100000000000000e+04 1.422000000000000000e+04 1.419050000000000000e+04
1.422100000000000000e+04 1.428000000000000000e+04 1.425050000000000000e+04
1.428100000000000000e+04 1.434000000000000000e+04 1.431050000000000000e+04
1.434100000000000000e+04 1.440000000000000000e+04 1.437050000000000000e+04
1.440100000000000000e+04 1.446000000000000000e+04 1.443050000000000000e+04
1.446100000000000000e+04 1.452000000000000000e+04 1.449050000000000000e+04
1.452100000000000000e+04 1.458000000000000000e+04 1.455050000000000000e+04
1.458100000000000000e+04 1.464000000000000000e+04 1.461050000000000000e+04
1.464100000000000000e+04 1.470000000000000000e+04 1.467050000000000000e+04
1.470100000000000000e+04 1.476000000000000000e+04 1.473050000000000000e+04
1.476100000000000000e+04 1.482000000000000000e+04 1.479050000000000000e+04
1.482100000000000000e+04 1.488000000000000000e+04 1.485050000000000000e+04
1.488100000000000000e+04 1.494000000000000000e+04 1.491050000000000000e+04
1.494100000000000000e+04 1.500000000000000000e+04 1.497050000000000000e+04
1.500100000000000000e+04 1.506000000000000000e+04 1.503050000000000000e+04
1.506100000000000000e+04 1.512000000000000000e+04 1.509050000000000000e+04
1.512100000000000000e+04 1.518000000000000000e+04 1.515050000000000000e+04
1.518100000000000000e+04 1.524000000000000000e+04 1.521050000000000000e+04
1.524100000000000000e+04 1.530000000000000000e+04 1.527050000000000000e+04
1.530100000000000000e+04 1.536000000000000000e+04 1.533050000000000000e+04
1.536100000000000000e+04 1.542000000000000000e+04 1.539050000000000000e+04
1.542100000000000000e+04 1.548000000000000000e+04 1.545050000000000000e+04
1.548100000000000000e+04 1.554000000000000000e+04 1.551050000000000000e+04
1.554100000000000000e+04 1.560000000000000000e+04 1.557050000000000000e+04
1.560100000000000000e+04 1.566000000000000000e+04 1.563050000000000000e+04
1.566100000000000000e+04 1.572000000000000000e+04 1.569050000000000000e+04
1.572100000000000000e+04 1.578000000000000000e+04 1.575050000000000000e+04
1.578100000000000000e+04 1.584000000000000000e+04 1.581050000000000000e+04
1.584100000000000000e+04 1.590000000000000000e+04 1.587050000000000000e+04
1.590100000000000000e+04 1.596000000000000000e+04 1.593050000000000000e+04
1.596100000000000000e+04 1.602000000000000000e+04 1.599050000000000000e+04
1.602100000000000000e+04 1.608000000000000000e+04 1.605050000000000000e+04
1.608100000000000000e+04 1.614000000000000000e+04 1.611050000000000000e+04
1.614100000000000000e+04 1.620000000000000000e+04 1.617050000000000000e+04
1.620100000000000000e+04 1.626000000000000000e+04 1.623050000000000000e+04
1.626100000000000000e+04 1.632000000000000000e+04 1.629050000000000000e+04
1.632100000000000000e+04 1.638000000000000000e+04 1.635050000000000000e+04
1.638100000000000000e+04 1.644000000000000000e+04 1.641050000000000000e+04
1.644100000000000000e+04 1.650000000000000000e+04 1.647050000000000000e+04
1.650100000000000000e+04 1.656000000000000000e+04 1.653050000000000000e+04
1.656100000000000000e+04 1.662000000000000000e+04 1.659050000000000000e+04
1.662100000000000000e+04 1.668000000000000000e+04 1.665050000000000000e+04
1.668100000000000000e+04 1.674000000000000000e+04 1.671050000000000000e+04
1.674100000000000000e+04 1.680000000000000000e+04 1.677050000000000000e+04
1.680100000000000000e+04 1.686000000000000000e+04 1.683050000000000000e+04
1.686100000000000000e+04 1.692000000000000000e+04 1.689050000000000000e+04
1.692100000000000000e+04 1.698000000000000000e+04 1.695050000000000000e+04
1.698100000000000000e+04 1.704000000000000000e+04 1.701050000000000000e+04
1.704100000000000000e+04 1.710000000000000000e+04 1.707050000000000000e+04
1.710100000000000000e+04 1.716000000000000000e+04 1.713050000000000000e+04
1.716100000000000000e+04 1.722000000000000000e+04 1.719050000000000000e+04
1.722100000000000000e+04 1.728000000000000000e+04 1.725050000000000000e+04
1.728100000000000000e+04 1.734000000000000000e+04 1.731050000000000000e+04
1.734100000000000000e+04 1.740000000000000000e+04 1.737050000000000000e+04
1.740100000000000000e+04 1.746000000000000000e+04 1.743050000000000000e+04
1.746100000000000000e+04 1.752000000000000000e+04 1.749050000000000000e+04
1.752100000000000000e+04 1.758000000000000000e+04 1.755050000000000000e+04
1.758100000000000000e+04 1.764000000000000000e+04 1.761050000000000000e+04
1.764100000000000000e+04 1.770000000000000000e+04 1.767050000000000000e+04
1.770100000000000000e+04 1.776000000000000000e+04 1.773050000000000000e+04
1.776100000000000000e+04 1.782000000000000000e+04 1.779050000000000000e+04
1.782100000000000000e+04 1.788000000000000000e+04 1.785050000000000000e+04
1.788100000000000000e+04 1.794000000000000000e+04 1.791050000000000000e+04
1.794100000000000000e+04 1.800000000000000000e+04 1.797050000000000000e+04
1.800100000000000000e+04 1.806000000000000000e+04 1.803050000000000000e+04
1.806100000000000000e+04 1.812000000000000000e+04 1.809050000000000000e+04
1.812100000000000000e+04 1.818000000000000000e+04 1.815050000000000000e+04
1.818100000000000000e+04 1.824000000000000000e+04 1.821050000000000000e+04
1.824100000000000000e+04 1.830000000000000000e+04 1.827050000000000000e+04
1.830100000000000000e+04 1.836000000000000000e+04 1.833050000000000000e+04
1.836100000000000000e+04 1.842000000000000000e+04 1.839050000000000000e+04
1.842100000000000000e+04 1.848000000000000000e+04 1.845050000000000000e+04
1.848100000000000000e+04 1.854000000000000000e+04 1.851050000000000000e+04
1.854100000000000000e+04 1.860000000000000000e+04 1.857050000000000000e+04
1.860100000000000000e+04 1.866000000000000000e+04 1.863050000000000000e+04
1.866100000000000000e+04 1.872000000000000000e+04 1.869050000000000000e+04
1.872100000000000000e+04 1.878000000000000000e+04 1.875050000000000000e+04
1.878100000000000000e+04 1.884000000000000000e+04 1.881050000000000000e+04
1.884100000000000000e+04 1.890000000000000000e+04 1.887050000000000000e+04
1.890100000000000000e+04 1.896000000000000000e+04 1.893050000000000000e+04
1.896100000000000000e+04 1.902000000000000000e+04 1.899050000000000000e+04
1.902100000000000000e+04 1.908000000000000000e+04 1.905050000000000000e+04
1.908100000000000000e+04 1.914000000000000000e+04 1.911050000000000000e+04
1.914100000000000000e+04 1.920000000000000000e+04 1.917050000000000000e+04
1.920100000000000000e+04 1.926000000000000000e+04 1.923050000000000000e+04
1.926100000000000000e+04 1.932000000000000000e+04 1.929050000000000000e+04
1.932100000000000000e+04 1.938000000000000000e+04 1.935050000000000000e+04
1.938100000000000000e+04 1.944000000000000000e+04 1.941050000000000000e+04
1.944100000000000000e+04 1.950000000000000000e+04 1.947050000000000000e+04
1.950100000000000000e+04 1.956000000000000000e+04 1.953050000000000000e+04
1.956100000000000000e+04 1.962000000000000000e+04 1.959050000000000000e+04
1.962100000000000000e+04 1.968000000000000000e+04 1.965050000000000000e+04
1.968100000000000000e+04 1.974000000000000000e+04 1.971050000000000000e+04
1.974100000000000000e+04 1.980000000000000000e+04 1.977050000000000000e+04
1.980100000000000000e+04 1.986000000000000000e+04 1.983050000000000000e+04
1.986100000000000000e+04 1.992000000000000000e+04 1.989050000000000000e+04
1.992100000000000000e+04 1.998000000000000000e+04 1.995050000000000000e+04
1.998100000000000000e+04 2.004000000000000000e+04 2.001050000000000000e+04
2.004100000000000000e+04 2.010000000000000000e+04 2.007050000000000000e+04
2.010100000000000000e+04 2.016000000000000000e+04 2.013050000000000000e+04
2.016100000000000000e+04 2.022000000000000000e+04 2.019050000000000000e+04
2.022100000000000000e+04 2.028000000000000000e+04 2.025050000000000000e+04
2.028100000000000000e+04 2.034000000000000000e+04 2.031050000000000000e+04
2.034100000000000000e+04 2.040000000000000000e+04 2.037050000000000000e+04
2.040100000000000000e+04 2.046000000000000000e+04 2.043050000000000000e+04
2.046100000000000000e+04 2.052000000000000000e+04 2.049050000000000000e+04
2.052100000000000000e+04 2.058000000000000000e+04 2.055050000000000000e+04
2.058100000000000000e+04 2.064000000000000000e+04 2.061050000000000000e+04
2.064100000000000000e+04 2.070000000000000000e+04 2.067050000000000000e+04
2.070100000000000000e+04 2.076000000000000000e+04 2.073050000000000000e+04
2.076100000000000000e+04 2.082000000000000000e+04 2.079050000000000000e+04
2.082100000000000000e+04 2.088000000000000000e+04 2.085050000000000000e+04
2.088100000000000000e+04 2.094000000000000000e+04 2.091050000000000000e+04
2.094100000000000000e+04 2.100000000000000000e+04 2.097050000000000000e+04
2.100100000000000000e+04 2.106000000000000000e+04 2.103050000000000000e+04
2.106100000000000000e+04 2.112000000000000000e+04 2.109050000000000000e+04
2.112100000000000000e+04 2.118000000000000000e+04 2.115050000000000000e+04
2.118100000000000000e+04 2.124000000000000000e+04 2.121050000000000000e+04
2.124100000000000000e+04 2.130000000000000000e+04 2.127050000000000000e+04
2.130100000000000000e+04 2.136000000000000000e+04 2.133050000000000000e+04
2.136100000000000000e+04 2.142000000000000000e+04 2.139050000000000000e+04
2.142100000000000000e+04 2.148000000000000000e+04 2.145050000000000000e+04
2.148100000000000000e+04 2.154000000000000000e+04 2.151050000000000000e+04
2.154100000000000000e+04 2.160000000000000000e+04 2.157050000000000000e+04
2.160100000000000000e+04 2.166000000000000000e+04 2.163050000000000000e+04
2.166100000000000000e+04 2.172000000000000000e+04 2.169050000000000000e+04
2.172100000000000000e+04 2.178000000000000000e+04 2.175050000000000000e+04
2.178100000000000000e+04 2.184000000000000000e+04 2.181050000000000000e+04
2.184100000000000000e+04 2.190000000000000000e+04 2.187050000000000000e+04
2.190100000000000000e+04 2.196000000000000000e+04 2.193050000000000000e+04
2.196100000000000000e+04 2.202000000000000000e+04 2.199050000000000000e+04
2.202100000000000000e+04 2.208000000000000000e+04 2.205050000000000000e+04
2.208100000000000000e+04 2.214000000000000000e+04 2.211050000000000000e+04
2.214100000000000000e+04 2.220000000000000000e+04 2.217050000000000000e+04
2.220100000000000000e+04 2.226000000000000000e+04 2.223050000000000000e+04
2.226100000000000000e+04 2.232000000000000000e+04 2.229050000000000000e+04
2.232100000000000000e+04 2.238000000000000000e+04 2.235050000000000000e+04
2.238100000000000000e+04 2.244000000000000000e+04 2.241050000000000000e+04
2.244100000000000000e+04 2.250000000000000000e+04 2.247050000000000000e+04
2.250100000000000000e+04 2.256000000000000000e+04 2.253050000000000000e+04
2.256100000000000000e+04 2.262000000000000000e+04 2.259050000000000000e+04
2.262100000000000000e+04 2.268000000000000000e+04 2.265050000000000000e+04
2.268100000000000000e+04 2.274000000000000000e+04 2.271050000000000000e+04
2.274100000000000000e+04 2.280000000000000000e+04 2.277050000000000000e+04
2.280100000000000000e+04 2.286000000000000000e+04 2.283050000000000000e+04
2.286100000000000000e+04 2.292000000000000000e+04 2.289050000000000000e+04
2.292100000000000000e+04 2.298000000000000000e+04 2.295050000000000000e+04
2.298100000000000000e+04 2.304000000000000000e+04 2.301050000000000000e+04
2.304100000000000000e+04 2.310000000000000000e+04 2.307050000000000000e+04
2.310100000000000000e+04 2.316000000000000000e+04 2.313050000000000000e+04
2.316100000000000000e+04 2.322000000000000000e+04 2.319050000000000000e+04
2.322100000000000000e+04 2.328000000000000000e+04 2.325050000000000000e+04
2.328100000000000000e+04 2.334000000000000000e+04 2.331050000000000000e+04
2.334100000000000000e+04 2.340000000000000000e+04 2.337050000000000000e+04
2.340100000000000000e+04 2.346000000000000000e+04 2.343050000000000000e+04
2.346100000000000000e+04 2.352000000000000000e+04 2.349050000000000000e+04
2.352100000000000000e+04 2.358000000000000000e+04 2.355050000000000000e+04
2.358100000000000000e+04 2.364000000000000000e+04 2.361050000000000000e+04
2.364100000000000000e+04 2.370000000000000000e+04 2.367050000000000000e+04
2.370100000000000000e+04 2.376000000000000000e+04 2.373050000000000000e+04
2.376100000000000000e+04 2.382000000000000000e+04 2.379050000000000000e+04
2.382100000000000000e+04 2.388000000000000000e+04 2.385050000000000000e+04
2.388100000000000000e+04 2.394000000000000000e+04 2.391050000000000000e+04
2.394100000000000000e+04 2.400000000000000000e+04 2.397050000000000000e+04
2.400100000000000000e+04 2.406000000000000000e+04 2.403050000000000000e+04
2.406100000000000000e+04 2.412000000000000000e+04 2.409050000000000000e+04
2.412100000000000000e+04 2.418000000000000000e+04 2.415050000000000000e+04
2.418100000000000000e+04 2.424000000000000000e+04 2.421050000000000000e+04
2.424100000000000000e+04 2.430000000000000000e+04 2.427050000000000000e+04
2.430100000000000000e+04 2.436000000000000000e+04 2.433050000000000000e+04
2.436100000000000000e+04 2.442000000000000000e+04 2.439050000000000000e+04
2.442100000000000000e+04 2.448000000000000000e+04 2.445050000000000000e+04
2.448100000000000000e+04 2.454000000000000000e+04 2.451050000000000000e+04
2.454100000000000000e+04 2.460000000000000000e+04 2.457050000000000000e+04
2.460100000000000000e+04 2.466000000000000000e+04 2.463050000000000000e+04
2.466100000000000000e+04 2.472000000000000000e+04 2.469050000000000000e+04
2.472100000000000000e+04 2.478000000000000000e+04 2.475050000000000000e+04
2.478100000000000000e+04 2.484000000000000000e+04 2.481050000000000000e+04
2.484100000000000000e+04 2.490000000000000000e+04 2.487050000000000000e+04
2.490100000000000000e+04 2.496000000000000000e+04 2.493050000000000000e+04
2.496100000000000000e+04 2.502000000000000000e+04 2.499050000000000000e+04
2.502100000000000000e+04 2.508000000000000000e+04 2.505050000000000000e+04
2.508100000000000000e+04 2.514000000000000000e+04 2.511050000000000000e+04
2.514100000000000000e+04 2.520000000000000000e+04 2.517050000000000000e+04
2.520100000000000000e+04 2.526000000000000000e+04 2.523050000000000000e+04
2.526100000000000000e+04 2.532000000000000000e+04 2.529050000000000000e+04
2.532100000000000000e+04 2.538000000000000000e+04 2.535050000000000000e+04
2.538100000000000000e+04 2.544000000000000000e+04 2.541050000000000000e+04
2.544100000000000000e+04 2.550000000000000000e+04 2.547050000000000000e+04
2.550100000000000000e+04 2.556000000000000000e+04 2.553050000000000000e+04
2.556100000000000000e+04 2.562000000000000000e+04 2.559050000000000000e+04
2.562100000000000000e+04 2.568000000000000000e+04 2.565050000000000000e+04
2.568100000000000000e+04 2.574000000000000000e+04 2.571050000000000000e+04
2.574100000000000000e+04 2.580000000000000000e+04 2.577050000000000000e+04
2.580100000000000000e+04 2.586000000000000000e+04 2.583050000000000000e+04
2.586100000000000000e+04 2.592000000000000000e+04 2.589050000000000000e+04
2.592100000000000000e+04 2.598000000000000000e+04 2.595050000000000000e+04
2.598100000000000000e+04 2.604000000000000000e+04 2.601050000000000000e+04
2.604100000000000000e+04 2.610000000000000000e+04 2.607050000000000000e+04
2.610100000000000000e+04 2.616000000000000000e+04 2.613050000000000000e+04
2.616100000000000000e+04 2.622000000000000000e+04 2.619050000000000000e+04
2.622100000000000000e+04 2.628000000000000000e+04 2.625050000000000000e+04
2.628100000000000000e+04 2.634000000000000000e+04 2.631050000000000000e+04
2.634100000000000000e+04 2.640000000000000000e+04 2.637050000000000000e+04
2.640100000000000000e+04 2.646000000000000000e+04 2.643050000000000000e+04
2.646100000000000000e+04 2.652000000000000000e+04 2.649050000000000000e+04
2.652100000000000000e+04 2.658000000000000000e+04 2.655050000000000000e+04
2.658100000000000000e+04 2.664000000000000000e+04 2.661050000000000000e+04
2.664100000000000000e+04 2.670000000000000000e+04 2.667050000000000000e+04
2.670100000000000000e+04 2.676000000000000000e+04 2.673050000000000000e+04
2.676100000000000000e+04 2.682000000000000000e+04 2.679050000000000000e+04
2.682100000000000000e+04 2.688000000000000000e+04 2.685050000000000000e+04
2.688100000000000000e+04 2.694000000000000000e+04 2.691050000000000000e+04
2.694100000000000000e+04 2.700000000000000000e+04 2.697050000000000000e+04
2.700100000000000000e+04 2.706000000000000000e+04 2.703050000000000000e+04
2.706100000000000000e+04 2.712000000000000000e+04 2.709050000000000000e+04
2.712100000000000000e+04 2.718000000000000000e+04 2.715050000000000000e+04
2.718100000000000000e+04 2.724000000000000000e+04 2.721050000000000000e+04
2.724100000000000000e+04 2.730000000000000000e+04 2.727050000000000000e+04
2.730100000000000000e+04 2.736000000000000000e+04 2.733050000000000000e+04
2.736100000000000000e+04 2.742000000000000000e+04 2.739050000000000000e+04
2.742100000000000000e+04 2.748000000000000000e+04 2.745050000000000000e+04
2.748100000000000000e+04 2.754000000000000000e+04 2.751050000000000000e+04
2.754100000000000000e+04 2.760000000000000000e+04 2.757050000000000000e+04
2.760100000000000000e+04 2.766000000000000000e+04 2.763050000000000000e+04
2.766100000000000000e+04 2.772000000000000000e+04 2.769050000000000000e+04
2.772100000000000000e+04 2.778000000000000000e+04 2.775050000000000000e+04
2.778100000000000000e+04 2.784000000000000000e+04 2.781050000000000000e+04
2.784100000000000000e+04 2.790000000000000000e+04 2.787050000000000000e+04
2.790100000000000000e+04 2.796000000000000000e+04 2.793050000000000000e+04
2.796100000000000000e+04 2.802000000000000000e+04 2.799050000000000000e+04
2.802100000000000000e+04 2.808000000000000000e+04 2.805050000000000000e+04
2.808100000000000000e+04 2.814000000000000000e+04 2.811050000000000000e+04
2.814100000000000000e+04 2.820000000000000000e+04 2.817050000000000000e+04
2.820100000000000000e+04 2.826000000000000000e+04 2.823050000000000000e+04
2.826100000000000000e+04 2.832000000000000000e+04 2.829050000000000000e+04
2.832100000000000000e+04 2.838000000000000000e+04 2.835050000000000000e+04
2.838100000000000000e+04 2.844000000000000000e+04 2.841050000000000000e+04
2.844100000000000000e+04 2.850000000000000000e+04 2.847050000000000000e+04
2.850100000000000000e+04 2.856000000000000000e+04 2.853050000000000000e+04
2.856100000000000000e+04 2.862000000000000000e+04 2.859050000000000000e+04
2.862100000000000000e+04 2.868000000000000000e+04 2.865050000000000000e+04
2.868100000000000000e+04 2.874000000000000000e+04 2.871050000000000000e+04
2.874100000000000000e+04 2.880000000000000000e+04 2.877050000000000000e+04
2.880100000000000000e+04 2.886000000000000000e+04 2.883050000000000000e+04
2.886100000000000000e+04 2.892000000000000000e+04 2.889050000000000000e+04
2.892100000000000000e+04 2.898000000000000000e+04 2.895050000000000000e+04
2.898100000000000000e+04 2.904000000000000000e+04 2.901050000000000000e+04
2.904100000000000000e+04 2.910000000000000000e+04 2.907050000000000000e+04
2.910100000000000000e+04 2.916000000000000000e+04 2.913050000000000000e+04
2.916100000000000000e+04 2.922000000000000000e+04 2.919050000000000000e+04
2.922100000000000000e+04 2.928000000000000000e+04 2.925050000000000000e+04
2.928100000000000000e+04 2.934000000000000000e+04 2.931050000000000000e+04
2.934100000000000000e+04 2.940000000000000000e+04 2.937050000000000000e+04
2.940100000000000000e+04 2.946000000000000000e+04 2.943050000000000000e+04
2.946100000000000000e+04 2.952000000000000000e+04 2.949050000000000000e+04
2.952100000000000000e+04 2.958000000000000000e+04 2.955050000000000000e+04
2.958100000000000000e+04 2.964000000000000000e+04 2.961050000000000000e+04
2.964100000000000000e+04 2.970000000000000000e+04 2.967050000000000000e+04
2.970100000000000000e+04 2.976000000000000000e+04 2.973050000000000000e+04
2.976100000000000000e+04 2.982000000000000000e+04 2.979050000000000000e+04
2.982100000000000000e+04 2.988000000000000000e+04 2.985050000000000000e+04
2.988100000000000000e+04 2.994000000000000000e+04 2.991050000000000000e+04
2.994100000000000000e+04 3.000000000000000000e+04 2.997050000000000000e+04
3.000100000000000000e+04 3.006000000000000000e+04 3.003050000000000000e+04
3.006100000000000000e+04 3.012000000000000000e+04 3.009050000000000000e+04
3.012100000000000000e+04 3.018000000000000000e+04 3.015050000000000000e+04
3.018100000000000000e+04 3.024000000000000000e+04 3.021050000000000000e+04
3.024100000000000000e+04 3.030000000000000000e+04 3.027050000000000000e+04
3.030100000000000000e+04 3.036000000000000000e+04 3.033050000000000000e+04
3.036100000000000000e+04 3.042000000000000000e+04 3.039050000000000000e+04
3.042100000000000000e+04 3.048000000000000000e+04 3.045050000000000000e+04
3.048100000000000000e+04 3.054000000000000000e+04 3.051050000000000000e+04
3.054100000000000000e+04 3.060000000000000000e+04 3.057050000000000000e+04
3.060100000000000000e+04 3.066000000000000000e+04 3.063050000000000000e+04
3.066100000000000000e+04 3.072000000000000000e+04 3.069050000000000000e+04
3.072100000000000000e+04 3.078000000000000000e+04 3.075050000000000000e+04
3.078100000000000000e+04 3.084000000000000000e+04 3.081050000000000000e+04
3.084100000000000000e+04 3.090000000000000000e+04 3.087050000000000000e+04
3.090100000000000000e+04 3.096000000000000000e+04 3.093050000000000000e+04
3.096100000000000000e+04 3.102000000000000000e+04 3.099050000000000000e+04
3.102100000000000000e+04 3.108000000000000000e+04 3.105050000000000000e+04
3.108100000000000000e+04 3.114000000000000000e+04 3.111050000000000000e+04
3.114100000000000000e+04 3.120000000000000000e+04 3.117050000000000000e+04
3.120100000000000000e+04 3.126000000000000000e+04 3.123050000000000000e+04
3.126100000000000000e+04 3.132000000000000000e+04 3.129050000000000000e+04
3.132100000000000000e+04 3.138000000000000000e+04 3.135050000000000000e+04
3.138100000000000000e+04 3.144000000000000000e+04 3.141050000000000000e+04
3.144100000000000000e+04 3.150000000000000000e+04 3.147050000000000000e+04
3.150100000000000000e+04 3.156000000000000000e+04 3.153050000000000000e+04
3.156100000000000000e+04 3.162000000000000000e+04 3.159050000000000000e+04
3.162100000000000000e+04 3.168000000000000000e+04 3.165050000000000000e+04
3.168100000000000000e+04 3.174000000000000000e+04 3.171050000000000000e+04
3.174100000000000000e+04 3.180000000000000000e+04 3.177050000000000000e+04
3.180100000000000000e+04 3.186000000000000000e+04 3.183050000000000000e+04
3.186100000000000000e+04 3.192000000000000000e+04 3.189050000000000000e+04
3.192100000000000000e+04 3.198000000000000000e+04 3.195050000000000000e+04
3.198100000000000000e+04 3.204000000000000000e+04 3.201050000000000000e+04
3.204100000000000000e+04 3.210000000000000000e+04 3.207050000000000000e+04
3.210100000000000000e+04 3.216000000000000000e+04 3.213050000000000000e+04
3.216100000000000000e+04 3.222000000000000000e+04 3.219050000000000000e+04
3.222100000000000000e+04 3.228000000000000000e+04 3.225050000000000000e+04
3.228100000000000000e+04 3.234000000000000000e+04 3.231050000000000000e+04
3.234100000000000000e+04 3.240000000000000000e+04 3.237050000000000000e+04
3.240100000000000000e+04 3.246000000000000000e+04 3.243050000000000000e+04
3.246100000000000000e+04 3.252000000000000000e+04 3.249050000000000000e+04
3.252100000000000000e+04 3.258000000000000000e+04 3.255050000000000000e+04
3.258100000000000000e+04 3.264000000000000000e+04 3.261050000000000000e+04
3.264100000000000000e+04 3.270000000000000000e+04 3.267050000000000000e+04
3.270100000000000000e+04 3.276000000000000000e+04 3.273050000000000000e+04
3.276100000000000000e+04 3.282000000000000000e+04 3.279050000000000000e+04
3.282100000000000000e+04 3.288000000000000000e+04 3.285050000000000000e+04
3.288100000000000000e+04 3.294000000000000000e+04 3.291050000000000000e+04
3.294100000000000000e+04 3.300000000000000000e+04 3.297050000000000000e+04
3.300100000000000000e+04 3.306000000000000000e+04 3.303050000000000000e+04
3.306100000000000000e+04 3.312000000000000000e+04 3.309050000000000000e+04
3.312100000000000000e+04 3.318000000000000000e+04 3.315050000000000000e+04
3.318100000000000000e+04 3.324000000000000000e+04 3.321050000000000000e+04
3.324100000000000000e+04 3.330000000000000000e+04 3.327050000000000000e+04
3.330100000000000000e+04 3.336000000000000000e+04 3.333050000000000000e+04
3.336100000000000000e+04 3.342000000000000000e+04 3.339050000000000000e+04
3.342100000000000000e+04 3.348000000000000000e+04 3.345050000000000000e+04
3.348100000000000000e+04 3.354000000000000000e+04 3.351050000000000000e+04
3.354100000000000000e+04 3.360000000000000000e+04 3.357050000000000000e+04
3.360100000000000000e+04 3.366000000000000000e+04 3.363050000000000000e+04
3.366100000000000000e+04 3.372000000000000000e+04 3.369050000000000000e+04
3.372100000000000000e+04 3.378000000000000000e+04 3.375050000000000000e+04
3.378100000000000000e+04 3.384000000000000000e+04 3.381050000000000000e+04
3.384100000000000000e+04 3.390000000000000000e+04 3.387050000000000000e+04
3.390100000000000000e+04 3.396000000000000000e+04 3.393050000000000000e+04
3.396100000000000000e+04 3.402000000000000000e+04 3.399050000000000000e+04
3.402100000000000000e+04 3.408000000000000000e+04 3.405050000000000000e+04
3.408100000000000000e+04 3.414000000000000000e+04 3.411050000000000000e+04
3.414100000000000000e+04 3.420000000000000000e+04 3.417050000000000000e+04
3.420100000000000000e+04 3.426000000000000000e+04 3.423050000000000000e+04
3.426100000000000000e+04 3.432000000000000000e+04 3.429050000000000000e+04
3.432100000000000000e+04 3.438000000000000000e+04 3.435050000000000000e+04
3.438100000000000000e+04 3.444000000000000000e+04 3.441050000000000000e+04
3.444100000000000000e+04 3.450000000000000000e+04 3.447050000000000000e+04
3.450100000000000000e+04 3.456000000000000000e+04 3.453050000000000000e+04
3.456100000000000000e+04 3.462000000000000000e+04 3.459050000000000000e+04
3.462100000000000000e+04 3.468000000000000000e+04 3.465050000000000000e+04
3.468100000000000000e+04 3.474000000000000000e+04 3.471050000000000000e+04
3.474100000000000000e+04 3.480000000000000000e+04 3.477050000000000000e+04
3.480100000000000000e+04 3.486000000000000000e+04 3.483050000000000000e+04
3.486100000000000000e+04 3.492000000000000000e+04 3.489050000000000000e+04
3.492100000000000000e+04 3.498000000000000000e+04 3.495050000000000000e+04
3.498100000000000000e+04 3.504000000000000000e+04 3.501050000000000000e+04
3.504100000000000000e+04 3.510000000000000000e+04 3.507050000000000000e+04
3.510100000000000000e+04 3.516000000000000000e+04 3.513050000000000000e+04
3.516100000000000000e+04 3.522000000000000000e+04 3.519050000000000000e+04
3.522100000000000000e+04 3.528000000000000000e+04 3.525050000000000000e+04
3.528100000000000000e+04 3.534000000000000000e+04 3.531050000000000000e+04
3.534100000000000000e+04 3.540000000000000000e+04 3.537050000000000000e+04
3.540100000000000000e+04 3.546000000000000000e+04 3.543050000000000000e+04
3.546100000000000000e+04 3.552000000000000000e+04 3.549050000000000000e+04
3.552100000000000000e+04 3.558000000000000000e+04 3.555050000000000000e+04
3.558100000000000000e+04 3.564000000000000000e+04 3.561050000000000000e+04
3.564100000000000000e+04 3.570000000000000000e+04 3.567050000000000000e+04
3.570100000000000000e+04 3.576000000000000000e+04 3.573050000000000000e+04
3.576100000000000000e+04 3.582000000000000000e+04 3.579050000000000000e+04
3.582100000000000000e+04 3.588000000000000000e+04 3.585050000000000000e+04
3.588100000000000000e+04 3.594000000000000000e+04 3.591050000000000000e+04
3.594100000000000000e+04 3.600000000000000000e+04 3.597050000000000000e+04
3.600100000000000000e+04 3.606000000000000000e+04 3.603050000000000000e+04
3.606100000000000000e+04 3.612000000000000000e+04 3.609050000000000000e+04
3.612100000000000000e+04 3.618000000000000000e+04 3.615050000000000000e+04
3.618100000000000000e+04 3.624000000000000000e+04 3.621050000000000000e+04
3.624100000000000000e+04 3.630000000000000000e+04 3.627050000000000000e+04
3.630100000000000000e+04 3.636000000000000000e+04 3.633050000000000000e+04
3.636100000000000000e+04 3.642000000000000000e+04 3.639050000000000000e+04
3.642100000000000000e+04 3.648000000000000000e+04 3.645050000000000000e+04
3.648100000000000000e+04 3.654000000000000000e+04 3.651050000000000000e+04
3.654100000000000000e+04 3.660000000000000000e+04 3.657050000000000000e+04
3.660100000000000000e+04 3.666000000000000000e+04 3.663050000000000000e+04
3.666100000000000000e+04 3.672000000000000000e+04 3.669050000000000000e+04
3.672100000000000000e+04 3.678000000000000000e+04 3.675050000000000000e+04
3.678100000000000000e+04 3.684000000000000000e+04 3.681050000000000000e+04
3.684100000000000000e+04 3.690000000000000000e+04 3.687050000000000000e+04
3.690100000000000000e+04 3.696000000000000000e+04 3.693050000000000000e+04
3.696100000000000000e+04 3.702000000000000000e+04 3.699050000000000000e+04
3.702100000000000000e+04 3.708000000000000000e+04 3.705050000000000000e+04
3.708100000000000000e+04 3.714000000000000000e+04 3.711050000000000000e+04
3.714100000000000000e+04 3.720000000000000000e+04 3.717050000000000000e+04
3.720100000000000000e+04 3.726000000000000000e+04 3.723050000000000000e+04
3.726100000000000000e+04 3.732000000000000000e+04 3.729050000000000000e+04
3.732100000000000000e+04 3.738000000000000000e+04 3.735050000000000000e+04
3.738100000000000000e+04 3.744000000000000000e+04 3.741050000000000000e+04
3.744100000000000000e+04 3.750000000000000000e+04 3.747050000000000000e+04
3.750100000000000000e+04 3.756000000000000000e+04 3.753050000000000000e+04
3.756100000000000000e+04 3.762000000000000000e+04 3.759050000000000000e+04
3.762100000000000000e+04 3.768000000000000000e+04 3.765050000000000000e+04
3.768100000000000000e+04 3.774000000000000000e+04 3.771050000000000000e+04
3.774100000000000000e+04 3.780000000000000000e+04 3.777050000000000000e+04
3.780100000000000000e+04 3.786000000000000000e+04 3.783050000000000000e+04
3.786100000000000000e+04 3.792000000000000000e+04 3.789050000000000000e+04
3.792100000000000000e+04 3.798000000000000000e+04 3.795050000000000000e+04
3.798100000000000000e+04 3.804000000000000000e+04 3.801050000000000000e+04
3.804100000000000000e+04 3.810000000000000000e+04 3.807050000000000000e+04
3.810100000000000000e+04 3.816000000000000000e+04 3.813050000000000000e+04
3.816100000000000000e+04 3.822000000000000000e+04 3.819050000000000000e+04
3.822100000000000000e+04 3.828000000000000000e+04 3.825050000000000000e+04
3.828100000000000000e+04 3.834000000000000000e+04 3.831050000000000000e+04
3.834100000000000000e+04 3.840000000000000000e+04 3.837050000000000000e+04
3.840100000000000000e+04 3.846000000000000000e+04 3.843050000000000000e+04
3.846100000000000000e+04 3.852000000000000000e+04 3.849050000000000000e+04
3.852100000000000000e+04 3.858000000000000000e+04 3.855050000000000000e+04
3.858100000000000000e+04 3.864000000000000000e+04 3.861050000000000000e+04
3.864100000000000000e+04 3.870000000000000000e+04 3.867050000000000000e+04
3.870100000000000000e+04 3.876000000000000000e+04 3.873050000000000000e+04
3.876100000000000000e+04 3.882000000000000000e+04 3.879050000000000000e+04
3.882100000000000000e+04 3.888000000000000000e+04 3.885050000000000000e+04
3.888100000000000000e+04 3.894000000000000000e+04 3.891050000000000000e+04
3.894100000000000000e+04 3.900000000000000000e+04 3.897050000000000000e+04
3.900100000000000000e+04 3.906000000000000000e+04 3.903050000000000000e+04
3.906100000000000000e+04 3.912000000000000000e+04 3.909050000000000000e+04
3.912100000000000000e+04 3.918000000000000000e+04 3.915050000000000000e+04
3.918100000000000000e+04 3.924000000000000000e+04 3.921050000000000000e+04
3.924100000000000000e+04 3.930000000000000000e+04 3.927050000000000000e+04
3.930100000000000000e+04 3.936000000000000000e+04 3.933050000000000000e+04
3.936100000000000000e+04 3.942000000000000000e+04 3.939050000000000000e+04
3.942100000000000000e+04 3.948000000000000000e+04 3.945050000000000000e+04
3.948100000000000000e+04 3.954000000000000000e+04 3.951050000000000000e+04
3.954100000000000000e+04 3.960000000000000000e+04 3.957050000000000000e+04
3.960100000000000000e+04 3.966000000000000000e+04 3.963050000000000000e+04
3.966100000000000000e+04 3.972000000000000000e+04 3.969050000000000000e+04
3.972100000000000000e+04 3.978000000000000000e+04 3.975050000000000000e+04
3.978100000000000000e+04 3.984000000000000000e+04 3.981050000000000000e+04
3.984100000000000000e+04 3.990000000000000000e+04 3.987050000000000000e+04
3.990100000000000000e+04 3.996000000000000000e+04 3.993050000000000000e+04
3.996100000000000000e+04 4.002000000000000000e+04 3.999050000000000000e+04
4.002100000000000000e+04 4.008000000000000000e+04 4.005050000000000000e+04
4.008100000000000000e+04 4.014000000000000000e+04 4.011050000000000000e+04
4.014100000000000000e+04 4.020000000000000000e+04 4.017050000000000000e+04
4.020100000000000000e+04 4.026000000000000000e+04 4.023050000000000000e+04
4.026100000000000000e+04 4.032000000000000000e+04 4.029050000000000000e+04
4.032100000000000000e+04 4.038000000000000000e+04 4.035050000000000000e+04
4.038100000000000000e+04 4.044000000000000000e+04 4.041050000000000000e+04
4.044100000000000000e+04 4.050000000000000000e+04 4.047050000000000000e+04
4.050100000000000000e+04 4.056000000000000000e+04 4.053050000000000000e+04
4.056100000000000000e+04 4.062000000000000000e+04 4.059050000000000000e+04
4.062100000000000000e+04 4.068000000000000000e+04 4.065050000000000000e+04
4.068100000000000000e+04 4.074000000000000000e+04 4.071050000000000000e+04
4.074100000000000000e+04 4.080000000000000000e+04 4.077050000000000000e+04
4.080100000000000000e+04 4.086000000000000000e+04 4.083050000000000000e+04
4.086100000000000000e+04 4.092000000000000000e+04 4.089050000000000000e+04
4.092100000000000000e+04 4.098000000000000000e+04 4.095050000000000000e+04
4.098100000000000000e+04 4.104000000000000000e+04 4.101050000000000000e+04
4.104100000000000000e+04 4.110000000000000000e+04 4.107050000000000000e+04
4.110100000000000000e+04 4.116000000000000000e+04 4.113050000000000000e+04
4.116100000000000000e+04 4.122000000000000000e+04 4.119050000000000000e+04
4.122100000000000000e+04 4.128000000000000000e+04 4.125050000000000000e+04
4.128100000000000000e+04 4.134000000000000000e+04 4.131050000000000000e+04
4.134100000000000000e+04 4.140000000000000000e+04 4.137050000000000000e+04
4.140100000000000000e+04 4.146000000000000000e+04 4.143050000000000000e+04
4.146100000000000000e+04 4.152000000000000000e+04 4.149050000000000000e+04
4.152100000000000000e+04 4.158000000000000000e+04 4.155050000000000000e+04
4.158100000000000000e+04 4.164000000000000000e+04 4.161050000000000000e+04
4.164100000000000000e+04 4.170000000000000000e+04 4.167050000000000000e+04
4.170100000000000000e+04 4.176000000000000000e+04 4.173050000000000000e+04
4.176100000000000000e+04 4.182000000000000000e+04 4.179050000000000000e+04
4.182100000000000000e+04 4.188000000000000000e+04 4.185050000000000000e+04
4.188100000000000000e+04 4.194000000000000000e+04 4.191050000000000000e+04
4.194100000000000000e+04 4.200000000000000000e+04 4.197050000000000000e+04
4.200100000000000000e+04 4.206000000000000000e+04 4.203050000000000000e+04
4.206100000000000000e+04 4.212000000000000000e+04 4.209050000000000000e+04
4.212100000000000000e+04 4.218000000000000000e+04 4.215050000000000000e+04
4.218100000000000000e+04 4.224000000000000000e+04 4.221050000000000000e+04
4.224100000000000000e+04 4.230000000000000000e+04 4.227050000000000000e+04
4.230100000000000000e+04 4.236000000000000000e+04 4.233050000000000000e+04
4.236100000000000000e+04 4.242000000000000000e+04 4.239050000000000000e+04
4.242100000000000000e+04 4.248000000000000000e+04 4.245050000000000000e+04
4.248100000000000000e+04 4.254000000000000000e+04 4.251050000000000000e+04
4.254100000000000000e+04 4.260000000000000000e+04 4.257050000000000000e+04
4.260100000000000000e+04 4.266000000000000000e+04 4.263050000000000000e+04
4.266100000000000000e+04 4.272000000000000000e+04 4.269050000000000000e+04
4.272100000000000000e+04 4.278000000000000000e+04 4.275050000000000000e+04
4.278100000000000000e+04 4.284000000000000000e+04 4.281050000000000000e+04
4.284100000000000000e+04 4.290000000000000000e+04 4.287050000000000000e+04
4.290100000000000000e+04 4.296000000000000000e+04 4.293050000000000000e+04
4.296100000000000000e+04 4.302000000000000000e+04 4.299050000000000000e+04
4.302100000000000000e+04 4.308000000000000000e+04 4.305050000000000000e+04
4.308100000000000000e+04 4.314000000000000000e+04 4.311050000000000000e+04
4.314100000000000000e+04 4.320000000000000000e+04 4.317050000000000000e+04
4.320100000000000000e+04 4.326000000000000000e+04 4.323050000000000000e+04
4.326100000000000000e+04 4.332000000000000000e+04 4.329050000000000000e+04
4.332100000000000000e+04 4.338000000000000000e+04 4.335050000000000000e+04
4.338100000000000000e+04 4.344000000000000000e+04 4.341050000000000000e+04
4.344100000000000000e+04 4.350000000000000000e+04 4.347050000000000000e+04
4.350100000000000000e+04 4.356000000000000000e+04 4.353050000000000000e+04
4.356100000000000000e+04 4.362000000000000000e+04 4.359050000000000000e+04
4.362100000000000000e+04 4.368000000000000000e+04 4.365050000000000000e+04
4.368100000000000000e+04 4.374000000000000000e+04 4.371050000000000000e+04
4.374100000000000000e+04 4.380000000000000000e+04 4.377050000000000000e+04
4.380100000000000000e+04 4.386000000000000000e+04 4.383050000000000000e+04
4.386100000000000000e+04 4.392000000000000000e+04 4.389050000000000000e+04
4.392100000000000000e+04 4.398000000000000000e+04 4.395050000000000000e+04
4.398100000000000000e+04 4.404000000000000000e+04 4.401050000000000000e+04
4.404100000000000000e+04 4.410000000000000000e+04 4.407050000000000000e+04
4.410100000000000000e+04 4.416000000000000000e+04 4.413050000000000000e+04
4.416100000000000000e+04 4.422000000000000000e+04 4.419050000000000000e+04
4.422100000000000000e+04 4.428000000000000000e+04 4.425050000000000000e+04
4.428100000000000000e+04 4.434000000000000000e+04 4.431050000000000000e+04
4.434100000000000000e+04 4.440000000000000000e+04 4.437050000000000000e+04
4.440100000000000000e+04 4.446000000000000000e+04 4.443050000000000000e+04
4.446100000000000000e+04 4.452000000000000000e+04 4.449050000000000000e+04
4.452100000000000000e+04 4.458000000000000000e+04 4.455050000000000000e+04
4.458100000000000000e+04 4.464000000000000000e+04 4.461050000000000000e+04
4.464100000000000000e+04 4.470000000000000000e+04 4.467050000000000000e+04
4.470100000000000000e+04 4.476000000000000000e+04 4.473050000000000000e+04
4.476100000000000000e+04 4.482000000000000000e+04 4.479050000000000000e+04
4.482100000000000000e+04 4.488000000000000000e+04 4.485050000000000000e+04
4.488100000000000000e+04 4.494000000000000000e+04 4.491050000000000000e+04
4.494100000000000000e+04 4.500000000000000000e+04 4.497050000000000000e+04
4.500100000000000000e+04 4.506000000000000000e+04 4.503050000000000000e+04
4.506100000000000000e+04 4.512000000000000000e+04 4.509050000000000000e+04
4.512100000000000000e+04 4.518000000000000000e+04 4.515050000000000000e+04
4.518100000000000000e+04 4.524000000000000000e+04 4.521050000000000000e+04
4.524100000000000000e+04 4.530000000000000000e+04 4.527050000000000000e+04
4.530100000000000000e+04 4.536000000000000000e+04 4.533050000000000000e+04
4.536100000000000000e+04 4.542000000000000000e+04 4.539050000000000000e+04
4.542100000000000000e+04 4.548000000000000000e+04 4.545050000000000000e+04
4.548100000000000000e+04 4.554000000000000000e+04 4.551050000000000000e+04
4.554100000000000000e+04 4.560000000000000000e+04 4.557050000000000000e+04
4.560100000000000000e+04 4.566000000000000000e+04 4.563050000000000000e+04
4.566100000000000000e+04 4.572000000000000000e+04 4.569050000000000000e+04
4.572100000000000000e+04 4.578000000000000000e+04 4.575050000000000000e+04
4.578100000000000000e+04 4.584000000000000000e+04 4.581050000000000000e+04
4.584100000000000000e+04 4.590000000000000000e+04 4.587050000000000000e+04
4.590100000000000000e+04 4.596000000000000000e+04 4.593050000000000000e+04
4.596100000000000000e+04 4.602000000000000000e+04 4.599050000000000000e+04
4.602100000000000000e+04 4.608000000000000000e+04 4.605050000000000000e+04
4.608100000000000000e+04 4.614000000000000000e+04 4.611050000000000000e+04
4.614100000000000000e+04 4.620000000000000000e+04 4.617050000000000000e+04
4.620100000000000000e+04 4.626000000000000000e+04 4.623050000000000000e+04
4.626100000000000000e+04 4.632000000000000000e+04 4.629050000000000000e+04
4.632100000000000000e+04 4.638000000000000000e+04 4.635050000000000000e+04
4.638100000000000000e+04 4.644000000000000000e+04 4.641050000000000000e+04
4.644100000000000000e+04 4.650000000000000000e+04 4.647050000000000000e+04
4.650100000000000000e+04 4.656000000000000000e+04 4.653050000000000000e+04
4.656100000000000000e+04 4.662000000000000000e+04 4.659050000000000000e+04
4.662100000000000000e+04 4.668000000000000000e+04 4.665050000000000000e+04
4.668100000000000000e+04 4.674000000000000000e+04 4.671050000000000000e+04
4.674100000000000000e+04 4.680000000000000000e+04 4.677050000000000000e+04
4.680100000000000000e+04 4.686000000000000000e+04 4.683050000000000000e+04
4.686100000000000000e+04 4.692000000000000000e+04 4.689050000000000000e+04
4.692100000000000000e+04 4.698000000000000000e+04 4.695050000000000000e+04
4.698100000000000000e+04 4.704000000000000000e+04 4.701050000000000000e+04
4.704100000000000000e+04 4.710000000000000000e+04 4.707050000000000000e+04
4.710100000000000000e+04 4.716000000000000000e+04 4.713050000000000000e+04
4.716100000000000000e+04 4.722000000000000000e+04 4.719050000000000000e+04
4.722100000000000000e+04 4.728000000000000000e+04 4.725050000000000000e+04
4.728100000000000000e+04 4.734000000000000000e+04 4.731050000000000000e+04
4.734100000000000000e+04 4.740000000000000000e+04 4.737050000000000000e+04
4.740100000000000000e+04 4.746000000000000000e+04 4.743050000000000000e+04
4.746100000000000000e+04 4.752000000000000000e+04 4.749050000000000000e+04
4.752100000000000000e+04 4.758000000000000000e+04 4.755050000000000000e+04
4.758100000000000000e+04 4.764000000000000000e+04 4.761050000000000000e+04
4.764100000000000000e+04 4.770000000000000000e+04 4.767050000000000000e+04
4.770100000000000000e+04 4.776000000000000000e+04 4.773050000000000000e+04
4.776100000000000000e+04 4.782000000000000000e+04 4.779050000000000000e+04
4.782100000000000000e+04 4.788000000000000000e+04 4.785050000000000000e+04
4.788100000000000000e+04 4.794000000000000000e+04 4.791050000000000000e+04
4.794100000000000000e+04 4.800000000000000000e+04 4.797050000000000000e+04
4.800100000000000000e+04 4.806000000000000000e+04 4.803050000000000000e+04
4.806100000000000000e+04 4.812000000000000000e+04 4.809050000000000000e+04
4.812100000000000000e+04 4.818000000000000000e+04 4.815050000000000000e+04
4.818100000000000000e+04 4.824000000000000000e+04 4.821050000000000000e+04
4.824100000000000000e+04 4.830000000000000000e+04 4.827050000000000000e+04
4.830100000000000000e+04 4.836000000000000000e+04 4.833050000000000000e+04
4.836100000000000000e+04 4.842000000000000000e+04 4.839050000000000000e+04
4.842100000000000000e+04 4.848000000000000000e+04 4.845050000000000000e+04
4.848100000000000000e+04 4.854000000000000000e+04 4.851050000000000000e+04
4.854100000000000000e+04 4.860000000000000000e+04 4.857050000000000000e+04
4.860100000000000000e+04 4.866000000000000000e+04 4.863050000000000000e+04
4.866100000000000000e+04 4.872000000000000000e+04 4.869050000000000000e+04
4.872100000000000000e+04 4.878000000000000000e+04 4.875050000000000000e+04
4.878100000000000000e+04 4.884000000000000000e+04 4.881050000000000000e+04
4.884100000000000000e+04 4.890000000000000000e+04 4.887050000000000000e+04
4.890100000000000000e+04 4.896000000000000000e+04 4.893050000000000000e+04
4.896100000000000000e+04 4.902000000000000000e+04 4.899050000000000000e+04
4.902100000000000000e+04 4.908000000000000000e+04 4.905050000000000000e+04
4.908100000000000000e+04 4.914000000000000000e+04 4.911050000000000000e+04
4.914100000000000000e+04 4.920000000000000000e+04 4.917050000000000000e+04
4.920100000000000000e+04 4.926000000000000000e+04 4.923050000000000000e+04
4.926100000000000000e+04 4.932000000000000000e+04 4.929050000000000000e+04
4.932100000000000000e+04 4.938000000000000000e+04 4.935050000000000000e+04
4.938100000000000000e+04 4.944000000000000000e+04 4.941050000000000000e+04
4.944100000000000000e+04 4.950000000000000000e+04 4.947050000000000000e+04
4.950100000000000000e+04 4.956000000000000000e+04 4.953050000000000000e+04
4.956100000000000000e+04 4.962000000000000000e+04 4.959050000000000000e+04
4.962100000000000000e+04 4.968000000000000000e+04 4.965050000000000000e+04
4.968100000000000000e+04 4.974000000000000000e+04 4.971050000000000000e+04
4.974100000000000000e+04 4.980000000000000000e+04 4.977050000000000000e+04
4.980100000000000000e+04 4.986000000000000000e+04 4.983050000000000000e+04
4.986100000000000000e+04 4.992000000000000000e+04 4.989050000000000000e+04
4.992100000000000000e+04 4.998000000000000000e+04 4.995050000000000000e+04
